3577 6548 6718 7896 
5388 6382 7896 6718 6548 3577 
3577 6548 6718 7896 6382 5388 
3577 6548 6718 7896 6382 5388 6232 4653 6891 8959 5672 1345 
1345 5672 8959 6891 4653 6232 8901 5388 6382 6290 7896 7737 6718 6788 6548 3577 
6891 4653 6232 8901 5388 6382 6290 7896 7737 6718 6788 6548 3577 
6718 7737 7896 6290 6382 5388 8901 6232 
8901 5388 6382 6290 
5388 6382 6290 
5277 6478 6781 7839 6290 6382 5388 
5381 6383 5388 6382 6290 7839 6781 6478 5277 
6382 6290 7839 6781 6478 5277 
6382 6290 7839 6781 6478 5277 2623 4655 6839 8950 5627 3425 
6382 6290 7839 6781 7773 6781 6930 6478 5277 8902 2623 4655 6839 8950 5627 3425 
3425 5627 8950 6839 4655 2623 8902 5277 6478 6930 6781 7773 6781 7839 6290 6382 
6839 4655 2623 8902 5277 6478 6930 6781 7773 6781 7839 6290 6382 
6781 7773 6781 6930 6478 5277 8902 2623 
6478 6930 6781 7773 6789 3450 
